# Unix-Time Temp, max, min
1550084388.0 46.22 50.0 42.08
1550084980.0 46.26 50.0 42.08
1550085580.0 46.26 50.0 42.08
1550086180.0 49.33 53.42 44.96
1550086312.0 49.35 53.42 44.96
1550086781.0 49.35 53.42 44.96
1550086912.0 49.35 53.42 44.96
1550087381.0 49.39 53.42 44.96
1550087512.0 49.39 53.42 44.96
1550087981.0 49.39 53.42 44.96
1550088112.0 49.41 53.42 44.96
1550088581.0 49.41 53.42 44.96
1550088712.0 49.41 53.42 44.96
1550089181.0 51.8 54.5 48.92
1550089312.0 51.8 54.5 48.92
1550089782.0 51.8 54.5 48.92
1550089912.0 51.82 54.5 48.92
1550090382.0 51.82 54.5 48.92
1550090513.0 51.82 54.5 48.92
1550090982.0 51.84 54.5 48.92
1550091113.0 51.84 54.5 48.92
1550091582.0 51.84 54.5 48.92
1550091713.0 51.85 54.5 48.92
1550092182.0 51.85 54.5 48.92
1550092313.0 51.85 54.5 48.92
1550092782.0 54.14 54.32 53.96
1550092913.0 54.14 54.32 53.96
1550093382.0 54.14 54.32 53.96
1550093514.0 54.14 54.32 53.96
1550093983.0 54.14 54.32 53.96
1550094114.0 54.14 54.32 53.96
1550094583.0 54.14 54.32 53.96
1550094714.0 54.14 54.32 53.96
1550095183.0 54.14 54.32 53.96
1550095314.0 54.14 54.32 53.96
1550095783.0 54.14 54.32 53.96
1550095914.0 54.14 54.32 53.96
1550096383.0 54.14 54.32 53.96
1550096514.0 54.14 54.32 53.96
1550096983.0 54.14 54.32 53.96
1550097114.0 54.09 55.04 53.06
1550097583.0 54.09 55.04 53.06
1550097714.0 54.09 55.04 53.06
1550098183.0 54.09 55.04 53.06
1550098315.0 54.09 55.04 53.06
1550098783.0 54.09 55.04 53.06
1550098915.0 54.09 55.04 53.06
1550099384.0 54.09 55.04 53.06
1550099515.0 54.09 55.04 53.06
1550099984.0 54.09 55.04 53.06
1550100115.0 54.09 55.04 53.06
1550100584.0 54.09 55.04 53.06
1550100715.0 52.3 53.42 51.08
1550101184.0 52.3 53.42 51.08
1550101315.0 52.3 53.42 51.08
1550101784.0 52.3 53.42 51.08
1550101915.0 52.3 53.42 51.08
1550102384.0 52.3 53.42 51.08
1550102515.0 52.3 53.42 51.08
1550102985.0 52.3 53.42 51.08
1550103116.0 52.32 53.42 51.08
1550103585.0 52.32 53.42 51.08
1550103716.0 52.32 53.42 51.08
1550104185.0 50.13 51.26 48.92
1550104316.0 50.13 51.26 48.92
1550104785.0 50.14 51.26 48.92
1550104916.0 50.14 51.26 48.92
1550105385.0 50.14 51.26 48.92
1550105516.0 50.14 51.26 48.92
1550105985.0 50.14 51.26 48.92
1550106116.0 50.14 51.26 48.92
1550106585.0 50.14 51.26 48.92
1550106716.0 50.14 51.26 48.92
1550107185.0 50.14 51.26 48.92
1550107316.0 50.14 51.26 48.92
1550107786.0 50.14 51.26 48.92
1550107917.0 50.14 51.26 48.92
1550108386.0 48.87 49.64 48.02
1550108517.0 48.87 49.64 48.02
1550108986.0 48.87 49.64 48.02
1550109117.0 48.87 49.64 48.02
1550109586.0 48.87 49.64 48.02
1550109717.0 48.87 49.64 48.02
1550110186.0 48.87 49.64 48.02
1550110317.0 48.87 49.64 48.02
1550110786.0 48.87 49.64 48.02
1550110917.0 48.87 49.64 48.02
1550111386.0 48.87 49.64 48.02
1550111517.0 48.87 49.64 48.02
1550111987.0 48.49 48.92 48.02
1550112118.0 48.49 48.92 48.02
1550112587.0 48.49 48.92 48.02
1550112718.0 48.49 48.92 48.02
1550113187.0 48.49 48.92 48.02
1550113318.0 48.49 48.92 48.02
1550113787.0 48.49 48.92 48.02
1550113918.0 48.49 48.92 48.02
1550114387.0 47.34 48.56 46.04
1550114518.0 47.34 48.56 46.04
1550114987.0 47.35 48.56 46.04
1550115118.0 47.35 48.56 46.04
1550115587.0 47.35 48.56 46.04
1550115719.0 47.35 48.56 46.04
1550116188.0 47.35 48.56 46.04
1550116319.0 47.35 48.56 46.04
1550116788.0 47.35 48.56 46.04
1550116919.0 47.35 48.56 46.04
1550117388.0 47.35 48.56 46.04
1550117519.0 47.37 48.56 46.04
1550117988.0 47.37 48.56 46.04
1550118119.0 47.37 48.56 46.04
1550118588.0 46.45 47.84 44.96
1550118719.0 46.45 47.84 44.96
1550119188.0 46.45 47.84 44.96
1550119319.0 46.45 47.84 44.96
1550119788.0 46.45 47.84 44.96
1550119920.0 46.47 47.84 44.96
1550120389.0 46.47 47.84 44.96
1550120520.0 46.47 47.84 44.96
1550120989.0 46.47 47.84 44.96
1550121120.0 46.47 47.84 44.96
1550121589.0 46.47 47.84 44.96
1550121720.0 46.47 47.84 44.96
1550122189.0 46.47 47.84 44.96
1550122320.0 46.47 47.84 44.96
1550122789.0 46.47 47.84 44.96
1550122920.0 46.47 47.84 44.96
1550123389.0 46.47 47.84 44.96
1550123520.0 46.47 47.84 44.96
1550123989.0 44.96 44.96 44.96
1550124121.0 44.96 44.96 44.96
1550124590.0 44.96 44.96 44.96
1550124721.0 44.96 44.96 44.96
1550125190.0 44.96 44.96 44.96
1550125321.0 44.96 44.96 44.96
1550125790.0 44.96 44.96 44.96
1550125921.0 44.96 44.96 44.96
1550126390.0 44.96 44.96 44.96
1550126521.0 44.96 44.96 44.96
1550126990.0 44.96 44.96 44.96
1550127121.0 44.96 44.96 44.96
1550127590.0 44.96 44.96 44.96
1550127721.0 44.96 44.96 44.96
1550128190.0 44.96 44.96 44.96
1550128321.0 44.96 44.96 44.96
1550128790.0 44.96 44.96 44.96
1550128922.0 44.96 44.96 44.96
1550129391.0 44.96 44.96 44.96
1550129522.0 44.96 44.96 44.96
1550129991.0 44.96 44.96 44.96
1550130122.0 44.96 44.96 44.96
1550130591.0 44.96 44.96 44.96
1550130722.0 44.96 44.96 44.96
1550131191.0 45.63 46.22 44.96
1550131322.0 45.63 46.22 44.96
1550131791.0 45.63 46.22 44.96
1550131922.0 45.63 46.22 44.96
1550132391.0 45.63 46.22 44.96
1550132522.0 45.63 46.22 44.96
1550132991.0 45.63 46.22 44.96
1550133122.0 45.63 46.22 44.96
1550133591.0 45.63 46.22 44.96
1550133722.0 45.63 46.22 44.96
1550134192.0 45.63 46.22 44.96
1550134323.0 45.63 46.22 44.96
1550134792.0 45.1 46.04 44.06
1550134923.0 45.1 46.04 44.06
1550135392.0 45.1 46.04 44.06
1550135523.0 45.1 46.04 44.06
1550135992.0 45.1 46.04 44.06
1550136123.0 45.0 45.86 44.06
1550136592.0 45.0 45.86 44.06
1550136723.0 45.0 45.86 44.06
1550137192.0 45.0 45.86 44.06
1550137323.0 45.0 45.86 44.06
1550137792.0 45.0 45.86 44.06
1550137923.0 45.0 45.86 44.06
1550138393.0 45.0 45.86 44.06
1550138523.0 45.0 45.86 44.06
1550138993.0 45.01 45.86 44.06
1550139124.0 45.01 45.86 44.06
1550139593.0 45.01 45.86 44.06
1550139724.0 45.34 45.68 44.96
1550140193.0 45.34 45.68 44.96
1550140324.0 45.34 45.68 44.96
1550140793.0 45.34 45.68 44.96
1550140924.0 45.34 45.68 44.96
1550141393.0 45.34 45.68 44.96
1550141524.0 45.34 45.68 44.96
1550141993.0 45.34 45.68 44.96
1550142124.0 45.34 45.68 44.96
1550142594.0 45.34 45.68 44.96
1550142724.0 45.34 45.68 44.96
1550143194.0 45.34 45.68 44.96
1550143325.0 45.3 45.86 44.96
1550143794.0 45.3 45.86 44.96
1550143925.0 45.3 45.86 44.96
1550144394.0 45.0 45.86 44.06
1550144525.0 45.0 45.86 44.06
1550144994.0 45.0 45.86 44.06
1550145125.0 45.0 45.86 44.06
1550145594.0 45.0 45.86 44.06
1550145725.0 45.0 45.86 44.06
1550146195.0 45.01 45.86 44.06
1550146325.0 45.01 45.86 44.06
1550146795.0 44.6 44.6 44.6
1550146925.0 44.6 44.6 44.6
1550147395.0 44.6 44.6 44.6
1550147528.0 44.6 44.6 44.6
1550147995.0 44.6 44.6 44.6
1550148128.0 44.6 44.6 44.6
1550148595.0 44.6 44.6 44.6
1550148728.0 44.6 44.6 44.6
1550149195.0 44.6 44.6 44.6
1550149328.0 44.6 44.6 44.6
1550149796.0 44.6 44.6 44.6
1550149929.0 44.6 44.6 44.6
1550150396.0 44.6 44.6 44.6
1550150529.0 43.74 44.6 42.8
1550150996.0 43.74 44.6 42.8
1550151131.0 43.74 44.6 42.8
1550151596.0 43.74 44.6 42.8
1550151731.0 43.74 44.6 42.8
1550152196.0 43.74 44.6 42.8
1550152797.0 43.75 44.6 42.8
1550153397.0 43.75 44.6 42.8
1550153997.0 43.75 44.6 42.8
1550154597.0 45.54 46.4 44.6
1550155197.0 45.54 46.4 44.6
1550155797.0 45.54 46.4 44.6
1550170722.0 55.4 55.4 55.4
1550170797.0 55.4 55.4 55.4
1550171397.0 55.4 55.4 55.4
1550171998.0 57.2 57.2 57.2
1550172598.0 57.2 57.2 57.2
1550173198.0 57.2 57.2 57.2
1550173798.0 57.2 57.2 57.2
1550174401.0 57.2 57.2 57.2
1550175002.0 57.2 57.2 57.2
1550175602.0 58.14 59.0 57.2
1550176203.0 58.14 59.0 57.2
1550182108.0 59.0 59.0 59.0
1550183308.0 60.8 60.8 60.8
1550184508.0 61.74 62.6 60.8
1550185708.0 61.75 62.6 60.8
1550186909.0 59.94 60.8 59.0
1550188109.0 59.94 60.8 59.0
1550189309.0 59.95 60.8 59.0
1550190509.0 56.34 57.2 55.4
1550191709.0 56.34 57.2 55.4
1550192909.0 56.35 57.2 55.4
1550194109.0 53.67 55.4 51.8
1550198649.0 47.41 50.0 44.6
1550199849.0 45.68 50.0 39.2
1550201049.0 37.4 37.4 37.4
1550202249.0 37.4 37.4 37.4
1550203450.0 37.4 37.4 37.4
1550204650.0 33.8 33.8 33.8
1550205850.0 33.8 33.8 33.8
1550207050.0 33.8 33.8 33.8
1550208250.0 31.19 32.0 30.2
1550209451.0 31.21 32.0 30.2
1550210651.0 31.06 32.0 30.2
1550211851.0 30.2 30.2 30.2
1550213051.0 30.2 30.2 30.2
1550214251.0 30.2 30.2 30.2
1550215451.0 27.54 28.4 26.6
1550216652.0 27.54 28.4 26.6
1550217852.0 27.46 28.4 26.6
1550219052.0 26.6 26.6 26.6
1550220252.0 26.6 26.6 26.6
1550221452.0 26.6 26.6 26.6
1550222652.0 25.74 26.6 24.8
1550223852.0 25.74 26.6 24.8
1550225053.0 25.75 26.6 24.8
1550226253.0 24.8 24.8 24.8
1550227453.0 24.8 24.8 24.8
1550228653.0 24.8 24.8 24.8
1550229853.0 23.94 24.8 23.0
1550231054.0 23.94 24.8 23.0
1550232254.0 23.95 24.8 23.0
1550233454.0 23.94 24.8 23.0
1550234654.0 23.94 24.8 23.0
1550235857.0 23.95 24.8 23.0
1550237057.0 22.14 23.0 21.2
1550238259.0 22.14 23.0 21.2
1550239461.0 22.15 23.0 21.2
1550240662.0 22.14 23.0 21.2
1550241862.0 22.14 23.0 21.2
1550243062.0 22.06 23.0 21.2
1550244262.0 23.0 23.0 23.0
1550245462.0 23.0 23.0 23.0
1550246663.0 23.0 23.0 23.0
1550247863.0 23.94 24.8 23.0
1550249063.0 23.94 24.8 23.0
1550250263.0 23.95 24.8 23.0
1550251464.0 23.0 23.0 23.0
1550252664.0 23.0 23.0 23.0
1550253864.0 23.0 23.0 23.0
1550255064.0 21.2 21.2 21.2
1550256264.0 21.2 21.2 21.2
1550257465.0 22.15 23.0 21.2
1550258665.0 21.36 23.0 19.4
1550259865.0 21.38 23.0 19.4
1550261065.0 22.12 23.0 21.2
1550262265.0 22.19 23.0 21.2
1550263466.0 22.21 23.0 21.2
1550264666.0 21.36 23.0 19.4
1550265866.0 21.27 23.0 19.4
1550267066.0 21.27 23.0 19.4
1550268267.0 20.44 21.2 19.4
1550269467.0 20.39 21.2 19.4
1550270667.0 20.41 21.2 19.4
1550271867.0 20.35 21.2 19.4
1550273068.0 20.39 21.2 19.4
1550274268.0 20.41 21.2 19.4
1550275468.0 20.34 21.2 19.4
1550276668.0 20.32 21.2 19.4
1550277868.0 20.32 21.2 19.4
1550279069.0 19.4 19.4 19.4
1550280269.0 19.4 19.4 19.4
1550281469.0 19.4 19.4 19.4
1550282669.0 18.54 19.4 17.6
1550283869.0 18.57 19.4 17.6
1550285069.0 18.59 19.4 17.6
1550286269.0 18.59 19.4 17.6
1550287470.0 17.6 17.6 17.6
1550288670.0 17.6 17.6 17.6
1550289870.0 17.6 17.6 17.6
1550291070.0 17.6 17.6 17.6
1550292270.0 17.6 17.6 17.6
1550293470.0 17.6 17.6 17.6
1550294671.0 17.6 17.6 17.6
1550295871.0 17.6 17.6 17.6
1550297071.0 16.84 17.6 15.8
1550298271.0 16.74 17.6 15.8
1550299472.0 16.74 17.6 15.8
1550300672.0 16.75 17.6 15.8
1550301872.0 17.6 17.6 17.6
1550303072.0 17.6 17.6 17.6
1550304272.0 17.6 17.6 17.6
1550305473.0 17.6 17.6 17.6
1550306673.0 17.6 17.6 17.6
1550307873.0 17.6 17.6 17.6
1550309073.0 17.6 17.6 17.6
1550310274.0 17.6 17.6 17.6
1550311474.0 17.6 17.6 17.6
1550312674.0 17.6 17.6 17.6
1550313874.0 17.6 17.6 17.6
1550315074.0 17.6 17.6 17.6
1550316274.0 14.07 15.8 12.2
1550317474.0 14.07 15.8 12.2
1550318675.0 14.09 15.8 12.2
1550319875.0 12.27 14.0 10.4
1550321075.0 12.27 14.0 10.4
1550322275.0 12.29 14.0 10.4
1550323475.0 12.27 14.0 10.4
1550324676.0 12.27 14.0 10.4
1550325876.0 12.29 14.0 10.4
1550327076.0 13.14 14.0 12.2
1550328276.0 13.14 14.0 12.2
1550329476.0 13.15 14.0 12.2
1550330676.0 15.8 15.8 15.8
1550331876.0 15.8 15.8 15.8
1550333077.0 15.8 15.8 15.8
1550334277.0 17.6 17.6 17.6
1550335477.0 17.6 17.6 17.6
1550336677.0 17.6 17.6 17.6
1550337877.0 20.34 21.2 19.4
1550339077.0 20.34 21.2 19.4
1550340278.0 20.35 21.2 19.4
1550341478.0 23.94 24.8 23.0
1550342678.0 23.94 24.8 23.0
1550343878.0 23.95 24.8 23.0
1550345078.0 25.74 26.6 24.8
1550346279.0 25.74 26.6 24.8
1550347479.0 25.75 26.6 24.8
1550348679.0 28.47 30.2 26.6
1550349879.0 28.47 30.2 26.6
1550351079.0 28.49 30.2 26.6
1550352279.0 29.41 32.0 26.6
1550353480.0 29.41 32.0 26.6
1550354680.0 29.44 32.0 26.6
1550355880.0 30.27 32.0 28.4
1550357080.0 30.29 32.0 28.4
1550358280.0 30.31 32.0 28.4
1550359480.0 31.21 33.8 28.4
1550360680.0 31.21 33.8 28.4
1550361881.0 31.24 33.8 28.4
1550363081.0 30.25 33.8 26.6
1550364281.0 30.27 33.8 26.6
1550365481.0 29.17 32.0 26.6
1550366681.0 29.37 32.0 26.6
1550367881.0 29.37 32.0 26.6
1550369082.0 29.03 32.0 26.6
1550370282.0 29.39 32.0 26.6
1550371482.0 29.41 32.0 26.6
1550372683.0 28.98 32.0 26.6
1550373883.0 28.47 30.2 26.6
1550375083.0 28.47 30.2 26.6
1550376283.0 28.49 30.2 26.6
1550377484.0 28.56 30.2 26.6
1550378684.0 28.6 30.2 26.6
1550379884.0 27.52 28.4 26.6
1550381084.0 27.55 28.4 26.6
1550382284.0 27.57 28.4 26.6
1550383484.0 27.52 28.4 26.6
1550384689.0 27.54 28.4 26.6
1550385889.0 27.54 28.4 26.6
1550387089.0 27.55 28.4 26.6
1550388289.0 27.55 28.4 26.6
1550389489.0 27.55 28.4 26.6
1550390689.0 27.64 28.4 26.6
1550391889.0 27.57 28.4 26.6
1550393090.0 27.59 28.4 26.6
1550394290.0 27.5 28.4 26.6
1550395490.0 27.54 28.4 26.6
1550396690.0 27.54 28.4 26.6
1550397890.0 28.35 30.2 26.6
1550399090.0 28.44 30.2 26.6
1550400291.0 28.44 30.2 26.6
1550401491.0 28.67 30.2 26.6
1550402691.0 28.56 30.2 26.6
1550403891.0 28.58 30.2 26.6
1550405091.0 28.62 30.2 26.6
1550406291.0 29.34 30.2 28.4
1550407492.0 29.34 30.2 28.4
1550408692.0 29.46 30.2 28.4
1550409892.0 29.34 30.2 28.4
1550411092.0 29.34 30.2 28.4
1550412292.0 29.48 30.2 28.4
1550413492.0 30.27 32.0 28.4
1550414692.0 30.27 32.0 28.4
1550415893.0 29.98 32.0 28.4
1550417093.0 31.12 32.0 30.2
1550418293.0 31.12 32.0 30.2
1550419493.0 31.01 32.0 30.2
1550420694.0 32.0 32.0 32.0
1550421894.0 32.0 32.0 32.0
1550423094.0 31.21 32.0 30.2
1550424295.0 30.2 30.2 30.2
1550425495.0 30.2 30.2 30.2
1550426696.0 29.28 30.2 28.4
1550427896.0 30.2 30.2 30.2
1550429096.0 30.2 30.2 30.2
1550430296.0 30.2 30.2 30.2
1550431496.0 30.2 30.2 30.2
1550432697.0 30.2 30.2 30.2
1550433897.0 30.2 30.2 30.2
1550435097.0 30.2 30.2 30.2
1550436297.0 30.2 30.2 30.2
1550437497.0 30.2 30.2 30.2
1550438697.0 30.2 30.2 30.2
1550439897.0 30.2 30.2 30.2
